[LEFT_CAM_2K]
fx=1070.04
fy=1070.29
cx=1114.83
cy=611.369
k1=-0.0529144
k2=0.0267075
p1=-0.000257605
p2=-0.000102243
k3=-0.0107285

[RIGHT_CAM_2K]
fx=1070.35
fy=1070.64
cx=1115.22
cy=630.831
k1=-0.0486595
k2=0.0210765
p1=0.000227295
p2=-8.46386e-06
k3=-0.00866537

[LEFT_CAM_FHD]
fx=1070.04
fy=1070.29
cx=970.83
cy=530.369
k1=-0.0529144
k2=0.0267075
p1=-0.000257605
p2=-0.000102243
k3=-0.0107285

[RIGHT_CAM_FHD]
fx=1070.35
fy=1070.64
cx=971.22
cy=549.831
k1=-0.0486595
k2=0.0210765
p1=0.000227295
p2=-8.46386e-06
k3=-0.00866537

[LEFT_CAM_HD]
fx=535.02
fy=535.145
cx=643.915
cy=353.6845
k1=-0.0529144
k2=0.0267075
p1=-0.000257605
p2=-0.000102243
k3=-0.0107285

[RIGHT_CAM_HD]
fx=535.175
fy=535.32
cx=644.11
cy=363.4155
k1=-0.0486595
k2=0.0210765
p1=0.000227295
p2=-8.46386e-06
k3=-0.00866537

[LEFT_CAM_VGA]
fx=267.51
fy=267.5725
cx=337.4575
cy=184.34225
k1=-0.0529144
k2=0.0267075
p1=-0.000257605
p2=-0.000102243
k3=-0.0107285

[RIGHT_CAM_VGA]
fx=267.5875
fy=267.66
cx=337.555
cy=189.20775
k1=-0.0486595
k2=0.0210765
p1=0.000227295
p2=-8.46386e-06
k3=-0.00866537

[LEFT_DISTO]
k1=-0.886363
k2=2.06551
k3=0.15424
k4=-0.786811
k5=1.91972
k6=0.306925
p1=-0.000279673
p2=6.84426e-05

[RIGHT_DISTO]
k1=-1.16669
k2=2.40151
k3=0.155521
k4=-1.07215
k5=2.24845
k6=0.321146
p1=0.000223997
p2=-0.000169589

[STEREO]
Baseline=119.796
TY=-0.0777324
TZ=0.63362
CV_2K=0.00406347
CV_FHD=0.00406347
CV_HD=0.00406347
CV_VGA=0.00406347
RX_2K=-0.000560588
RX_FHD=-0.000560588
RX_HD=-0.000560588
RX_VGA=-0.000560588
RZ_2K=0.0015839
RZ_FHD=0.0015839
RZ_HD=0.0015839
RZ_VGA=0.0015839

[MISC]
Sensor_ID=0

